L <- 0:99
L
